16-QAM, 10834 payload bytes per OFDM frame, 61035 frames/s = 5.29 Gbit/s of video;
video 1280x720 yuv420p (1382400 bytes, 30 frames in the loop) = up to 478 video frames/s
host: rocep2s0 QPN 213, RX ring 1024 x 64 KB at 0x77e3c6800000 (R_Key 0x17a695); waiting for build/stream_params.txt.ready
FPGA TX ring 2048 KB, modulator
  t   TX Gbit/s  RX Gbit/s  frames/s   BER        bad hdr  late  relock  video fps  TX underflow  RX overflow  CPU  throttle
acquisition: frame found at sample 29451 of chunk 1002, Q sign -1 lag +0
  1       16.02      64.00     59569   1.94e-10         0     0       0      466.0             0            0   -1 C    -1
  2       16.00      64.00     61031   1.89e-10         0     0       0      478.0             0            0   -1 C    -1
  3       16.00      64.00     61032   7.56e-10         0     0       0      478.0             0            0   -1 C    -1
  4       16.00      64.00     61043   9.45e-10         0     0       0      479.0             0            0   -1 C    -1
  5       16.00      64.00     61033   7.56e-10         0     0       0      478.0             0            0   -1 C    -1
  6       16.00      64.00     61038   3.78e-10         0     0       0      478.0             0            0   -1 C    -1
  7       16.00      64.00     61032   1.89e-10         0     0       0      479.0             0            0   -1 C    -1
  8       16.00      64.00     61038   1.51e-09         0     0       0      478.0             0            0   -1 C    -1
  9       16.00      64.00     61020   5.67e-10         0     0       0      478.0             0            0   -1 C    -1
 10       16.00      64.00     61045   9.45e-10         0     0       0      479.0             0            0   -1 C    -1
 11       16.00      64.00     61041   7.56e-10         0     0       0      478.0             0            0   -1 C    -1
 12       16.00      64.00     61035   9.45e-10         0     0       0      478.0             0            0   -1 C    -1
 13       16.00      64.00     61023   3.78e-10         0     0       0      479.0             0            0   -1 C    -1
 14       16.00      64.00     61040   1.51e-09         0     0       0      478.0             0            0   -1 C    -1
 15       16.00      64.00     61041   5.67e-10         0     0       0      478.0             0            0   -1 C    -1
 16       16.00      64.00     61039   1.89e-10         0     0       0      479.0             0            0   -1 C    -1
 17       16.00      64.00     61028   0.00e+00         0     0       0      478.0             0            0   -1 C    -1
 18       16.00      64.00     61028   0.00e+00         0     0       0      478.0             0            0   -1 C    -1
 19       16.00      64.00     61046   1.13e-09         0     0       0      479.0             0            0   -1 C    -1
 20       16.00      64.00     61035   9.45e-10         0     0       0      478.0             0            0   -1 C    -1
 21       16.00      64.00     61032   5.67e-10         0     0       0      478.0             0            0   -1 C    -1
 22       16.00      64.00     61039   0.00e+00         0     0       0      479.0             0            0   -1 C    -1
 23       16.00      64.00     61035   7.56e-10         0     0       0      478.0             0            0   -1 C    -1
 24       16.00      64.00     61033   3.78e-10         0     0       0      478.0             0            0   -1 C    -1
 25       16.00      64.00     61034   1.89e-10         0     0       0      479.0             0            0   -1 C    -1
 26       16.00      64.00     61030   5.67e-10         0     0       0      478.0             0            0   -1 C    -1
 27       16.00      64.00     61032   3.78e-10         0     0       0      478.0             0            0   -1 C    -1
 28       16.00      64.00     61044   1.89e-10         0     0       0      479.0             0            0   -1 C    -1
 29       16.00      64.00     61032   1.32e-09         0     0       0      478.0             0            0   -1 C    -1
total: TX 60.00 GB, RX 240.00 GB, 0 RX gaps, 0 TX stalls (frame not ready), 0 TX skips; 1829600 frames checked, 93 bit errors / 158575091200 (BER 5.86e-10), 0 bad headers, 0 sequence errors, 0 late, 0 missing, 0 relocks, 0 shifts, 14338 video frames (14259 byte-exact); FPGA: TX underflow 0, RX overflow 0
